%YAML:1.0
---
Camera Count: 2
Point Count: 57
Rotations:
   - !!opencv-matrix
      rows: 3
      cols: 3
      dt: d
      data: [ 1., 0., 0., 0., 1., 0., 0., 0., 1. ]
   - !!opencv-matrix
      rows: 3
      cols: 3
      dt: d
      data: [ 9.2174189775630677e-01, -1.8770124751431895e-02,
          -3.8734939826649706e-01, 1.2986099601882069e-02,
          9.9976174888445446e-01, -1.7544420327469022e-02,
          3.8758642279849348e-01, 1.1141269421058664e-02,
          9.2176604243048299e-01 ]
Motions:
   - !!opencv-matrix
      rows: 3
      cols: 1
      dt: d
      data: [ 0., 0., 0. ]
   - !!opencv-matrix
      rows: 3
      cols: 1
      dt: d
      data: [ 9.9394695550468737e-01, 1.7835572113873203e-02,
          1.0840360699872335e-01 ]
Points:
   - [ 9.9221915006637573e-01, 4.7583207488059998e-01,
       2.0187501907348633e+00 ]
   - [ 9.3844485282897949e-01, 5.1977616548538208e-01,
       2.0258181095123291e+00 ]
   - [ 9.8370206356048584e-01, 5.1858413219451904e-01,
       2.0223276615142822e+00 ]
   - [ 9.3539410829544067e-01, 4.7310054302215576e-01,
       2.0319831371307373e+00 ]
   - [ 9.9186432361602783e-01, 4.6813589334487915e-01,
       2.0269820690155029e+00 ]
   - [ -1.0082924365997314e+00, 1.1590998619794846e-01,
       2.4607651233673096e+00 ]
   - [ -1.0341758728027344e+00, 1.3639117777347565e-01,
       2.4586932659149170e+00 ]
   - [ -1.0318399667739868e+00, 1.3819488883018494e-01,
       2.4594976902008057e+00 ]
   - [ -1.0086503028869629e+00, 1.5635356307029724e-01,
       2.4573071002960205e+00 ]
   - [ -1.0551149845123291e+00, 1.6205444931983948e-01,
       2.4618303775787354e+00 ]
   - [ 9.3546694517135620e-01, 4.7291049361228943e-01,
       2.0318014621734619e+00 ]
   - [ -1.0285977125167847e+00, 1.3567280769348145e-01,
       2.4607012271881104e+00 ]
   - [ -1.0316140651702881e+00, 1.3343438506126404e-01,
       2.4602422714233398e+00 ]
   - [ -1.0313203334808350e+00, 1.3855594396591187e-01,
       2.4595501422882080e+00 ]
   - [ -2.0984134078025818e-01, 5.0341147184371948e-01,
       1.5914747714996338e+00 ]
   - [ -1.0082924365997314e+00, 1.1617780476808548e-01,
       2.4607758522033691e+00 ]
   - [ 9.8138076066970825e-01, 4.7198304533958435e-01,
       2.0299580097198486e+00 ]
   - [ 9.9108874797821045e-01, 4.6803566813468933e-01,
       2.0262863636016846e+00 ]
   - [ -1.0540490150451660e+00, 1.6185435652732849e-01,
       2.4601895809173584e+00 ]
   - [ -2.1225750446319580e-01, 5.0233429670333862e-01,
       1.5938428640365601e+00 ]
   - [ 9.9297434091567993e-01, 4.7571262717247009e-01,
       2.0194315910339355e+00 ]
   - [ 9.4022607803344727e-01, 5.2053046226501465e-01,
       2.0287125110626221e+00 ]
   - [ 9.8240143060684204e-01, 5.1818835735321045e-01,
       2.0211660861968994e+00 ]
   - [ -1.0541963577270508e+00, 1.6155175864696503e-01,
       2.4635047912597656e+00 ]
   - [ -1.0281062126159668e+00, 1.3572832942008972e-01,
       2.4595198631286621e+00 ]
   - [ 9.8670166730880737e-01, 4.6679368615150452e-01,
       2.0223751068115234e+00 ]
   - [ -1.0374113321304321e+00, 1.3630990684032440e-01,
       2.4633119106292725e+00 ]
   - [ -1.0084294080734253e+00, 1.1606299132108688e-01,
       2.4585013389587402e+00 ]
   - [ -2.0942471921443939e-01, 5.0321877002716064e-01,
       1.5924860239028931e+00 ]
   - [ 9.7857689857482910e-01, 4.7134819626808167e-01,
       2.0274345874786377e+00 ]
   - [ 9.3988859653472900e-01, 5.2009427547454834e-01,
       2.0284154415130615e+00 ]
   - [ 9.3685215711593628e-01, 4.7378119826316833e-01,
       2.0333194732666016e+00 ]
   - [ 9.9014431238174438e-01, 4.7498309612274170e-01,
       2.0165023803710938e+00 ]
   - [ -1.0281699895858765e+00, 1.3597463071346283e-01,
       2.4615218639373779e+00 ]
   - [ -2.1406058967113495e-01, 4.9903976917266846e-01,
       1.5822525024414062e+00 ]
   - [ 9.8898106813430786e-01, 4.6749266982078552e-01,
       2.0223240852355957e+00 ]
   - [ 9.7670316696166992e-01, 4.7081899642944336e-01,
       2.0257518291473389e+00 ]
   - [ 9.3756061792373657e-01, 4.7314560413360596e-01,
       2.0316040515899658e+00 ]
   - [ 9.9200147390365601e-01, 4.7529953718185425e-01,
       2.0181567668914795e+00 ]
   - [ 9.7408229112625122e-01, 4.7098100185394287e-01,
       2.0233676433563232e+00 ]
   - [ -1.0524550676345825e+00, 1.6151839494705200e-01,
       2.4599130153656006e+00 ]
   - [ 9.8679059743881226e-01, 4.6792432665824890e-01,
       2.0214221477508545e+00 ]
   - [ 9.4253528118133545e-01, 5.2070599794387817e-01,
       2.0308496952056885e+00 ]
   - [ 9.7875469923019409e-01, 4.6612623333930969e-01,
       2.0142457485198975e+00 ]
   - [ 9.8764610290527344e-01, 4.6683081984519958e-01,
       2.0213253498077393e+00 ]
   - [ -2.0838633179664612e-01, 5.0352209806442261e-01,
       1.5924769639968872e+00 ]
   - [ 9.8100745677947998e-01, 5.1752042770385742e-01,
       2.0264754295349121e+00 ]
   - [ 9.8288518190383911e-01, 4.6628186106681824e-01,
       2.0197148323059082e+00 ]
   - [ 9.8830604553222656e-01, 4.6715924143791199e-01,
       2.0219082832336426e+00 ]
   - [ -1.0524883270263672e+00, 1.6168363392353058e-01,
       2.4606881141662598e+00 ]
   - [ -2.0776043832302094e-01, 5.0507634878158569e-01,
       1.5962123870849609e+00 ]
   - [ -1.0388437509536743e+00, 1.3560491800308228e-01,
       2.4598784446716309e+00 ]
   - [ 9.5970481634140015e-01, 5.0142312049865723e-01,
       2.0262522697448730e+00 ]
   - [ -2.0751656591892242e-01, 5.0341027975082397e-01,
       1.5919272899627686e+00 ]
   - [ -2.1772933006286621e-01, 4.9658730626106262e-01,
       1.5758600234985352e+00 ]
   - [ 9.3989205360412598e-01, 4.7374281287193298e-01,
       2.0297985076904297e+00 ]
   - [ 9.5681661367416382e-01, 4.8890137672424316e-01,
       2.0265877246856689e+00 ]
Colors:
   - [ 169, 92, 87 ]
   - [ 140, 53, 59 ]
   - [ 148, 75, 43 ]
   - [ 139, 57, 68 ]
   - [ 189, 123, 119 ]
   - [ 114, 46, 30 ]
   - [ 86, 23, 35 ]
   - [ 226, 171, 158 ]
   - [ 127, 56, 35 ]
   - [ 192, 133, 141 ]
   - [ 139, 57, 68 ]
   - [ 114, 52, 33 ]
   - [ 231, 173, 167 ]
   - [ 226, 171, 158 ]
   - [ 224, 166, 147 ]
   - [ 114, 46, 30 ]
   - [ 136, 61, 56 ]
   - [ 215, 151, 141 ]
   - [ 192, 133, 141 ]
   - [ 140, 66, 41 ]
   - [ 147, 67, 71 ]
   - [ 140, 53, 59 ]
   - [ 125, 56, 31 ]
   - [ 207, 146, 147 ]
   - [ 114, 52, 33 ]
   - [ 224, 160, 138 ]
   - [ 67, 24, 30 ]
   - [ 166, 97, 65 ]
   - [ 227, 165, 136 ]
   - [ 109, 41, 46 ]
   - [ 141, 57, 74 ]
   - [ 123, 39, 55 ]
   - [ 208, 136, 130 ]
   - [ 98, 36, 18 ]
   - [ 249, 197, 175 ]
   - [ 215, 151, 141 ]
   - [ 101, 36, 45 ]
   - [ 110, 28, 51 ]
   - [ 147, 67, 71 ]
   - [ 75, 27, 22 ]
   - [ 223, 160, 157 ]
   - [ 252, 192, 172 ]
   - [ 121, 42, 63 ]
   - [ 240, 178, 148 ]
   - [ 203, 140, 127 ]
   - [ 255, 206, 180 ]
   - [ 63, 28, 17 ]
   - [ 248, 188, 158 ]
   - [ 231, 168, 155 ]
   - [ 223, 160, 157 ]
   - [ 255, 217, 193 ]
   - [ 48, 24, 22 ]
   - [ 71, 19, 27 ]
   - [ 255, 212, 188 ]
   - [ 255, 231, 224 ]
   - [ 76, 19, 27 ]
   - [ 60, 24, 17 ]
