%YAML:1.0
---
Camera Count: 2
Point Count: 89
Rotations:
   - !!opencv-matrix
      rows: 3
      cols: 3
      dt: d
      data: [ 1., 0., 0., 0., 1., 0., 0., 0., 1. ]
   - !!opencv-matrix
      rows: 3
      cols: 3
      dt: d
      data: [ 9.8655819368748421e-01, 1.4362984395778117e-01,
          7.7932011348042618e-02, -1.4287963288753264e-01,
          9.8962414991409320e-01, -1.5147686712269903e-02,
          -7.9299060360205870e-02, 3.8091772698058968e-03,
          9.9684359314514115e-01 ]
Motions:
   - !!opencv-matrix
      rows: 3
      cols: 1
      dt: d
      data: [ 0., 0., 0. ]
   - !!opencv-matrix
      rows: 3
      cols: 1
      dt: d
      data: [ 2.4837917252250494e-01, -6.0786017309460272e-01,
          7.5419745201269095e-01 ]
Points:
   - [ 1.6568248271942139e+00, -5.2086977958679199e+00,
       4.4222192764282227e+00 ]
   - [ 1.5553416013717651e+00, -4.6296868324279785e+00,
       3.9877247810363770e+00 ]
   - [ 3.3088531345129013e-02, -1.0416773706674576e-01,
       1.5679113566875458e-01 ]
   - [ 1.7084436416625977e+00, -5.2685079574584961e+00,
       4.4459486007690430e+00 ]
   - [ 1.8616130948066711e-01, -3.6173626780509949e-01,
       6.0524946451187134e-01 ]
   - [ -7.9120900481939316e-03, -2.0039869472384453e-02,
       4.3041702359914780e-02 ]
   - [ -8.7667759507894516e-03, -5.1842924207448959e-02,
       8.1227809190750122e-02 ]
   - [ -2.4831856135278940e-03, -2.2172456607222557e-02,
       4.8916995525360107e-02 ]
   - [ 1.8699784278869629e+00, -5.7921099662780762e+00,
       4.8057603836059570e+00 ]
   - [ 1.8679262399673462e+00, -5.7739348411560059e+00,
       4.7903289794921875e+00 ]
   - [ 1.5692704916000366e+00, -4.7710132598876953e+00,
       4.1018214225769043e+00 ]
   - [ 1.7395657300949097e+00, -5.4649109840393066e+00,
       4.5965380668640137e+00 ]
   - [ 3.9162497967481613e-02, -8.9062198996543884e-02,
       1.5438468754291534e-01 ]
   - [ 4.0097908973693848e+00, -1.2918443679809570e+01,
       1.0510540962219238e+01 ]
   - [ 1.0456325858831406e-01, -2.4291007220745087e-01,
       3.7069129943847656e-01 ]
   - [ -2.5901105254888535e-03, -2.8757529333233833e-02,
       3.3709980547428131e-02 ]
   - [ -5.5041234008967876e-03, -3.4578058868646622e-02,
       3.8811560720205307e-02 ]
   - [ 3.1248934566974640e-02, -1.2201493978500366e-01,
       1.5200245380401611e-01 ]
   - [ -6.2659895047545433e-03, -2.0789723843336105e-02,
       3.6371357738971710e-02 ]
   - [ 4.6844319440424442e-03, -5.0881747156381607e-02,
       6.4487546682357788e-02 ]
   - [ 1.8797518014907837e+00, -6.0581598281860352e+00,
       4.9989042282104492e+00 ]
   - [ 1.8980890512466431e+00, -5.8429846763610840e+00,
       4.8224434852600098e+00 ]
   - [ -5.8874581009149551e-03, -1.7907412722706795e-02,
       3.2087489962577820e-02 ]
   - [ -5.8385632000863552e-03, -2.2987633943557739e-02,
       5.0148874521255493e-02 ]
   - [ 1.3576947450637817e+00, -4.2347402572631836e+00,
       3.5127179622650146e+00 ]
   - [ -6.4382804557681084e-03, -1.4899861067533493e-02,
       3.2864172011613846e-02 ]
   - [ -5.6595063209533691e-01, -4.2258195877075195e+00,
       5.4348764419555664e+00 ]
   - [ 2.9025521874427795e-01, -5.4017245769500732e-01,
       9.4689798355102539e-01 ]
   - [ 1.7047506570816040e+00, -5.2611055374145508e+00,
       4.4391660690307617e+00 ]
   - [ 3.8932461738586426e+00, -1.2228749275207520e+01,
       1.0376636505126953e+01 ]
   - [ 1.6505194902420044e+00, -4.9586706161499023e+00,
       4.2296438217163086e+00 ]
   - [ -3.3781884703785181e-03, -2.7848191559314728e-02,
       3.2397169619798660e-02 ]
   - [ 7.9266750812530518e-01, -1.6807146072387695e+00,
       2.4982953071594238e+00 ]
   - [ -3.6332500167191029e-03, -1.9473413005471230e-02,
       1.5084564685821533e-02 ]
   - [ 2.0697569847106934e+00, -6.6953492164611816e+00,
       5.4470453262329102e+00 ]
   - [ 1.1745497584342957e-02, -6.5703503787517548e-02,
       7.9239487648010254e-02 ]
   - [ -3.7349435687065125e-01, -2.0151484012603760e+00,
       2.2218775749206543e+00 ]
   - [ 1.5824377536773682e+00, -4.7217154502868652e+00,
       4.0688023567199707e+00 ]
   - [ 1.5586709976196289e+00, -4.8781347274780273e+00,
       4.1980223655700684e+00 ]
   - [ -6.7850034683942795e-03, -2.2177653387188911e-02,
       3.9140716195106506e-02 ]
   - [ 5.8504745364189148e-02, -4.0798196196556091e-01,
       3.9030638337135315e-01 ]
   - [ -3.0466868877410889e+00, -3.0350534439086914e+01,
       3.6435703277587891e+01 ]
   - [ 1.6605461835861206e+00, -5.1124339103698730e+00,
       4.3344593048095703e+00 ]
   - [ 7.0149105787277222e-01, -1.1559562683105469e+00,
       2.0424928665161133e+00 ]
   - [ -1.1537059210240841e-02, -1.0582640767097473e-01,
       1.6235946118831635e-01 ]
   - [ 1.6458468437194824e+00, -4.9454245567321777e+00,
       4.2176198959350586e+00 ]
   - [ 1.8645405769348145e+00, -5.7959733009338379e+00,
       4.9156970977783203e+00 ]
   - [ -1.0174225084483624e-02, -4.7791697084903717e-02,
       7.4089661240577698e-02 ]
   - [ 2.1774360910058022e-02, -8.0265991389751434e-02,
       1.0560492426156998e-01 ]
   - [ 1.8854863643646240e+00, -6.0756421089172363e+00,
       5.0141663551330566e+00 ]
   - [ -5.8602509088814259e-03, -2.2421019151806831e-02,
       3.9954636245965958e-02 ]
   - [ -5.6530523300170898e-01, -4.2129564285278320e+00,
       5.4195895195007324e+00 ]
   - [ 3.3110365867614746e+00, -1.0268752098083496e+01,
       8.5221042633056641e+00 ]
   - [ -5.8078068494796753e-01, -5.5420060157775879e+00,
       6.7000093460083008e+00 ]
   - [ -3.9644986391067505e-02, -4.4435146450996399e-01,
       5.6422209739685059e-01 ]
   - [ -3.5821713507175446e-02, -4.3107944726943970e-01,
       5.4332494735717773e-01 ]
   - [ -4.8584216274321079e-03, -2.8334623202681541e-02,
       4.5079767704010010e-02 ]
   - [ -6.3730441033840179e-03, -2.4030860513448715e-02,
       3.6716341972351074e-02 ]
   - [ 5.2576866149902344e+00, -1.6079988479614258e+01,
       1.3838472366333008e+01 ]
   - [ -3.7318894267082214e-01, -2.0106213092803955e+00,
       2.2161388397216797e+00 ]
   - [ 1.8849797248840332e+00, -6.0908398628234863e+00,
       5.0218524932861328e+00 ]
   - [ 2.3305039852857590e-02, -7.0371955633163452e-02,
       1.1839936673641205e-01 ]
   - [ 4.5335802435874939e-01, -1.0206763744354248e+00,
       1.4602606296539307e+00 ]
   - [ -7.4716121889650822e-03, -4.2512882500886917e-03,
       1.6197599470615387e-02 ]
   - [ 9.9053806066513062e-01, -3.1322612762451172e+00,
       2.6005284786224365e+00 ]
   - [ -5.7674980163574219e-01, -4.9579100608825684e+00,
       6.3673582077026367e+00 ]
   - [ -5.7432138919830322e-01, -5.3976798057556152e+00,
       6.5274605751037598e+00 ]
   - [ 1.8319116905331612e-02, -5.3931459784507751e-02,
       8.5857294499874115e-02 ]
   - [ -3.1598308123648167e-03, -2.8413528576493263e-02,
       4.9811925739049911e-02 ]
   - [ 1.4377047121524811e-01, -3.4579241275787354e-01,
       5.3343498706817627e-01 ]
   - [ -5.7152664661407471e-01, -5.4726114273071289e+00,
       6.6168899536132812e+00 ]
   - [ -5.6682680733501911e-03, -3.4477725625038147e-02,
       3.9743278175592422e-02 ]
   - [ -8.3545818924903870e-02, -1.6279674768447876e+00,
       1.8449115753173828e+00 ]
   - [ 3.5788753628730774e-01, -7.9810237884521484e-01,
       1.1536831855773926e+00 ]
   - [ -5.3258752450346947e-03, -9.1396635398268700e-03,
       2.4025324732065201e-02 ]
   - [ 1.3099676370620728e+00, -1.7089984893798828e+01,
       2.0060920715332031e+01 ]
   - [ 5.3089833259582520e-01, -1.1695548295974731e+00,
       1.8714061975479126e+00 ]
   - [ -4.1432535648345947e-01, -2.1504232883453369e+00,
       2.3680117130279541e+00 ]
   - [ -4.2303432710468769e-03, -2.8033398091793060e-02,
       4.8182863742113113e-02 ]
   - [ -4.6371025964617729e-03, -3.5202663391828537e-02,
       3.8468427956104279e-02 ]
   - [ -5.6702992878854275e-03, -3.4452527761459351e-02,
       3.9720334112644196e-02 ]
   - [ -6.6246939823031425e-03, -3.5595584660768509e-02,
