每幅图像的标定误差：
第1幅图像的平均误差：0.127957像素
第2幅图像的平均误差：0.102541像素
第3幅图像的平均误差：0.0786099像素
第4幅图像的平均误差：0.102658像素
第5幅图像的平均误差：0.115885像素
总体平均误差：0.10553像素

相机内参数矩阵：
[1190.619740342426, 0, 494.9618837176491;
 0, 1191.420133869125, 703.0729888674661;
 0, 0, 1]

畸变系数：
[0.113797540695459, -0.09045626149307991, -0.001767293945076755, -0.004007376819285222, -0.2923970672004675]


第1幅图像的旋转向量：
[-9.989229890858121;
 -23.35208230116189;
 70.58579338193674]
第1幅图像的旋转矩阵：
[0.9292597177171803, 0.3536007122617573, 0.1069715537709178;
 -0.347630194638845, 0.9349614422061477, -0.07071314844609226;
 -0.1250184978454993, 0.02852433830570497, 0.9917442902889215]
第1幅图像的平移向量：
[-2.185586599453537;
 -2.226489493712163;
 -0.009526455669863659]

第2幅图像的旋转向量：
[-10.90938089342221;
 -21.2389941840541;
 61.79457113414699]
第2幅图像的旋转矩阵：
[-0.9095612902703786, 0.3557164673381031, -0.2148582186144719;
 -0.1484619716071605, -0.761041952876035, -0.631485699718644;
 -0.38814598056427, -0.542476673071876, 0.7450246686819642]
第2幅图像的平移向量：
[-2.18723582254555;
 -2.226569986837567;
 -0.08845507607393001]

第3幅图像的旋转向量：
[-11.34240792076985;
 -20.13956400767495;
 65.10000456399735]
第3幅图像的旋转矩阵：
[0.9994549736318431, 0.03156349028702944, 0.009669630989460439;
 -0.031509867812425, 0.9994874797982879, -0.005648535820057835;
 -0.009842962613727583, 0.005340768424821579, 0.9999372941737983]
第3幅图像的平移向量：
[-2.225818301012881;
 -2.204816248363742;
 -0.1274013018353728]

第4幅图像的旋转向量：
[-10.45729296080453;
 -21.15273513525633;
 63.53984528022389]
第4幅图像的旋转矩阵：
[0.251660352668605, 0.948460561125386, 0.1925866840787061;
 -0.8746401763341043, 0.3080739934131861, -0.3742926348790467;
 -0.4143327513448105, -0.07424943482727764, 0.907091722259039]
第4幅图像的平移向量：
[2.179130349129712;
 2.248067919219753;
 0.1243620974745682]

第5幅图像的旋转向量：
[-10.7966198305342;
 -24.27825901134491;
 64.1060301465228]
第5幅图像的旋转矩阵：
[0.9621677501593027, -0.2526258074888234, -0.1020461755481585;
 0.2568465659690503, 0.9659748479771809, 0.03037160887026601;
 0.09090138669619949, -0.05543279233524158, 0.9943159173173414]
第5幅图像的平移向量：
[2.162093603358774;
 2.178185333783553;
 0.0578191746307169]


